> xbar_results
    n  est  mean_est      var_est theo_mean theo_var
1  10 Xbar 0.4987310 0.0243360996       0.5   0.0250
2  25 Xbar 0.4996219 0.0098917189       0.5   0.0100
3  50 Xbar 0.5004279 0.0050187220       0.5   0.0050
4 100 Xbar 0.4996334 0.0024007347       0.5   0.0025
5 500 Xbar 0.4998399 0.0005054945       0.5   0.0005
> excess_results
     n which_Q   x_value  mean_est     var_est theo_MRL
1   10      Q1 0.1438410 0.4992662 0.034471266      0.5
2   10      Q2 0.3465736 0.4981376 0.055462554      0.5
3   10      Q3 0.6931472 0.5010429 0.120191759      0.5
4   25      Q1 0.1438410 0.5004124 0.013330182      0.5
5   25      Q2 0.3465736 0.4994556 0.020548566      0.5
6   25      Q3 0.6931472 0.5023096 0.047276697      0.5
7   50      Q1 0.1438410 0.5007467 0.006782014      0.5
8   50      Q2 0.3465736 0.5003798 0.010244331      0.5
9   50      Q3 0.6931472 0.4987868 0.021465116      0.5
10 100      Q1 0.1438410 0.4994977 0.003229960      0.5
11 100      Q2 0.3465736 0.4995346 0.005006286      0.5
12 100      Q3 0.6931472 0.4996323 0.010159617      0.5
13 500      Q1 0.1438410 0.4998970 0.000662679      0.5
14 500      Q2 0.3465736 0.4997713 0.001002075      0.5
15 500      Q3 0.6931472 0.4993754 0.002003992      0.5