     n which_Q   x_value  mean_est      var_est  theo_val
1   10      Q1 0.2178940 0.1929109 0.0131090321 0.1939991
2   10      Q2 0.3916099 0.1504461 0.0148782398 0.1529059
3   10      Q3 0.6216419 0.1179902 0.0222215032 0.1190943
4   25      Q1 0.2178940 0.1948128 0.0053804918 0.1939991
5   25      Q2 0.3916099 0.1536620 0.0059761300 0.1529059
6   25      Q3 0.6216419 0.1198722 0.0089534109 0.1190943
7   50      Q1 0.2178940 0.1941945 0.0026048946 0.1939991
8   50      Q2 0.3916099 0.1529785 0.0027900879 0.1529059
9   50      Q3 0.6216419 0.1186924 0.0040045209 0.1190943
10 100      Q1 0.2178940 0.1938823 0.0012924115 0.1939991
11 100      Q2 0.3916099 0.1529044 0.0014034588 0.1529059
12 100      Q3 0.6216419 0.1190868 0.0019372025 0.1190943
13 500      Q1 0.2178940 0.1938557 0.0002590024 0.1939991
14 500      Q2 0.3916099 0.1527812 0.0002800636 0.1529059
15 500      Q3 0.6216419 0.1189699 0.0003897827 0.1190943